10 5 5
6
3 6 1 2 3 4 5 6
3 5 2 3 4 5 6
3 4 3 4 5 6
3 3 4 5 6
3 2 5 6
3 1 6

5 3 1
3
3 3 1 2 3
3 3 1 2 4
3 2 1 4

--demonstrates window size<B case
10 5 5
9
3 9 9 8 7 6 5 4 3 2 1
3 8 8 7 6 5 4 3 2 1
3 7 7 6 5 4 3 2 1
3 6 6 5 4 3 2 1
3 5 5 4 3 2 1
3 4 4 3 2 1
3 3 3 2 1
3 2 2 1
3 1 1

10 3 3
8
3 6 1 2 3 4 5 6
3 4 1 2 3 4 
3 3 1 2 3 
3 3 1 2 3
3 3 1 2 3
3 2 1 2
3 2 1 2
3 1 1

10 5 5
6
3 3 3 2 1
3 2 2 1
3 1 1
2 3 3 2 1
2 2 2 1
2 1 1


8 10 5
15
6 2 1 2
7 2 3 4
9 2 5 6
8 2 7 8
5 2 9 10
7 2 11 12
6 2 13 14
9 2 15 16
5 2 17 18
7 2 19 20
8 2 21 22
6 2 23 24
4 2 25 26
7 2 27 28
5 2 29 30

5 8 4
10
5 3 1 2 3
6 3 4 5 6
4 3 7 8 9
7 3 10 11 12
8 3 13 14 15
5 3 16 17 18
6 3 19 20 21
3 3 22 23 24
9 3 25 26 27
5 3 28 29 30

10 12 6
20
7 2 1 2
6 2 3 4
8 2 5 6
9 2 7 8
6 2 9 10
8 2 11 12
7 2 13 14
5 2 15 16
9 2 17 18
6 2 19 20
8 2 21 22
5 2 23 24
7 2 25 26
6 2 27 28
8 2 29 30
9 2 31 32
5 2 33 34
7 2 35 36
6 2 37 38
8 2 39 40
5 2 41 42

1 20 1
5
6 3 1 2 3
7 2 4 5
8 2 6 7
10 2 8 9
9 3 10 11 12
--used nodes>given
1 2 1
2
2 2 1 2
3 1 3

4 1 1
4
3 4 1 2 3 4
4 4 1 2 3 4
5 4 1 2 3 4
6 4 1 2 3 4

5 8 2
10
5 3 1 2 3
6 3 4 5 6
4 3 7 8 9
7 3 10 11 12
8 3 13 14 15
5 3 16 17 18
6 3 19 20 21
3 3 22 23 24
9 3 25 26 27
5 3 28 29 30